CLARK Y AIRFOIL                                 
 Alfa =  11.00000 Re =   214000.000 Xflap,Yflap =     0.000000    0.000000
#    x        y        Cp  
   1.00000  0.00060  0.00286
   0.99252  0.00237  0.00071
   0.98109  0.00508 -0.00248
   0.96943  0.00782 -0.00565
   0.95759  0.01058 -0.00876
   0.94559  0.01335 -0.01175
   0.93347  0.01610 -0.01453
   0.92124  0.01884 -0.01700
   0.90893  0.02156 -0.01922
   0.89655  0.02425 -0.02263
   0.88411  0.02692 -0.02955
   0.87163  0.02955 -0.03840
   0.85912  0.03216 -0.04916
   0.84658  0.03472 -0.06185
   0.83402  0.03725 -0.07642
   0.82144  0.03974 -0.09284
   0.80885  0.04219 -0.11103
   0.79624  0.04460 -0.13088
   0.78363  0.04696 -0.15222
   0.77101  0.04927 -0.17496
   0.75838  0.05155 -0.19887
   0.74574  0.05377 -0.22393
   0.73311  0.05595 -0.24986
   0.72047  0.05808 -0.27656
   0.70783  0.06017 -0.30398
   0.69519  0.06220 -0.33217
   0.68256  0.06419 -0.36083
   0.66993  0.06612 -0.38987
   0.65731  0.06800 -0.41942
   0.64470  0.06982 -0.44915
   0.63210  0.07158 -0.47914
   0.61950  0.07327 -0.50903
   0.60691  0.07490 -0.53908
   0.59433  0.07646 -0.56889
   0.58176  0.07794 -0.59832
   0.56918  0.07936 -0.62768
   0.55661  0.08070 -0.65689
   0.54405  0.08198 -0.68581
   0.53148  0.08318 -0.71505
   0.51893  0.08431 -0.74412
   0.50637  0.08537 -0.77347
   0.49383  0.08635 -0.80335
   0.48130  0.08727 -0.83369
   0.46878  0.08810 -0.86432
   0.45628  0.08886 -0.89518
   0.44380  0.08953 -0.92605
   0.43133  0.09011 -0.95692
   0.41888  0.09061 -0.98770
   0.40645  0.09100 -1.01779
   0.39404  0.09130 -1.04691
   0.38163  0.09150 -1.07472
   0.36924  0.09161 -1.10199
   0.35687  0.09162 -1.12950
   0.34451  0.09155 -1.15753
   0.33219  0.09141 -1.18695
   0.31991  0.09118 -1.21872
   0.30769  0.09089 -1.25341
   0.29556  0.09055 -1.29342
   0.28354  0.09014 -1.34025
   0.27165  0.08965 -1.39178
   0.25993  0.08908 -1.44647
   0.24840  0.08840 -1.50287
   0.23706  0.08761 -1.55970
   0.22593  0.08670 -1.61406
   0.21504  0.08565 -1.66625
   0.20440  0.08446 -1.71450
   0.19402  0.08314 -1.75413
   0.18392  0.08168 -1.78520
   0.17411  0.08011 -1.81089
   0.16463  0.07844 -1.83493
   0.15547  0.07669 -1.86971
   0.14668  0.07489 -1.93693
   0.13826  0.07304 -2.05992
   0.13022  0.07117 -2.23109
   0.12257  0.06928 -2.30465
   0.11532  0.06738 -2.33727
   0.10844  0.06548 -2.36928
   0.10194  0.06358 -2.40093
   0.09581  0.06170 -2.43250
   0.09001  0.05984 -2.46426
   0.08454  0.05801 -2.49650
   0.07938  0.05621 -2.52961
   0.07451  0.05445 -2.56405
   0.06990  0.05273 -2.60020
   0.06556  0.05104 -2.63805
   0.06146  0.04937 -2.67795
   0.05759  0.04773 -2.72023
   0.05393  0.04610 -2.76494
   0.05047  0.04450 -2.81148
   0.04720  0.04291 -2.85898
   0.04411  0.04134 -2.90630
   0.04117  0.03977 -2.95255
   0.03839  0.03822 -2.99678
   0.03576  0.03668 -3.03758
   0.03326  0.03515 -3.07241
   0.03089  0.03362 -3.09906
   0.02864  0.03209 -3.11527
   0.02652  0.03057 -3.12153
   0.02450  0.02905 -3.12080
   0.02259  0.02754 -3.11670
   0.02077  0.02603 -3.11312
   0.01905  0.02454 -3.11684
   0.01741  0.02306 -3.13572
   0.01584  0.02160 -3.17347
   0.01435  0.02017 -3.22646
   0.01291  0.01876 -3.28872
   0.01152  0.01738 -3.35623
   0.01018  0.01603 -3.42844
   0.00890  0.01470 -3.50688
   0.00768  0.01338 -3.59378
   0.00652  0.01208 -3.69189
   0.00542  0.01077 -3.80383
   0.00440  0.00947 -3.93150
   0.00346  0.00816 -4.07575
   0.00260  0.00683 -4.23303
   0.00184  0.00550 -4.39122
   0.00118  0.00414 -4.53510
   0.00064  0.00277 -4.63275
   0.00025  0.00139 -4.61802
   0.00011  0.00070 -4.56649
   0.00000  0.00000 -4.51411
  -0.00005 -0.00139 -4.03104
   0.00005 -0.00274 -3.53147
   0.00032 -0.00408 -2.89033
   0.00077 -0.00541 -2.15908
   0.00138 -0.00672 -1.50479
   0.00211 -0.00799 -0.97251
   0.00296 -0.00922 -0.53846
   0.00392 -0.01041 -0.18583
   0.00497 -0.01157  0.09407
   0.00611 -0.01268  0.31820
   0.00735 -0.01376  0.49754
   0.00867 -0.01480  0.63505
   0.01007 -0.01579  0.74448
   0.01156 -0.01672  0.82917
   0.01314 -0.01759  0.89517
   0.01482 -0.01838  0.94229
   0.01659 -0.01911  0.97281
   0.01844 -0.01978  0.99098
   0.02038 -0.02038  0.99867
   0.02240 -0.02094  0.99967
   0.02450 -0.02145  0.99573
   0.02668 -0.02193  0.98876
   0.02895 -0.02240  0.97956
   0.03131 -0.02287  0.96886
   0.03375 -0.02335  0.95647
   0.03628 -0.02384  0.94248
   0.03892 -0.02433  0.92691
   0.04167 -0.02481  0.91032
   0.04454 -0.02527  0.89318
   0.04754 -0.02571  0.87555
   0.05067 -0.02613  0.85755
   0.05396 -0.02652  0.84006
   0.05741 -0.02688  0.82278
   0.06103 -0.02722  0.80609
   0.06483 -0.02753  0.78991
   0.06884 -0.02781  0.77443
   0.07306 -0.02808  0.75920
   0.07752 -0.02833  0.74449
   0.08223 -0.02858  0.72928
   0.08721 -0.02882  0.71335
   0.09248 -0.02907  0.69682
   0.09805 -0.02930  0.67977
   0.10395 -0.02952  0.66271
   0.11019 -0.02972  0.64587
   0.11681 -0.02989  0.62954
   0.12382 -0.03004  0.61319
   0.13122 -0.03015  0.59707
   0.13904 -0.03023  0.58140
   0.14727 -0.03027  0.56607
   0.15592 -0.03027  0.55142
   0.16498 -0.03022  0.53726
   0.17443 -0.03013  0.52378
   0.18427 -0.02998  0.51096
   0.19446 -0.02979  0.49885
   0.20499 -0.02955  0.48748
   0.21581 -0.02926  0.47673
   0.22690 -0.02894  0.46668
   0.23823 -0.02858  0.45732
   0.24977 -0.02818  0.44835
   0.26149 -0.02776  0.44016
   0.27337 -0.02732  0.43240
   0.28538 -0.02687  0.42481
   0.29749 -0.02640  0.41756
   0.30969 -0.02594  0.41008
   0.32197 -0.02548  0.40259
   0.33430 -0.02503  0.39510
   0.34668 -0.02457  0.38744
   0.35910 -0.02412  0.37998
   0.37156 -0.02367  0.37263
   0.38403 -0.02321  0.36538
   0.39653 -0.02276  0.35830
   0.40904 -0.02230  0.35144
   0.42156 -0.02185  0.34475
   0.43410 -0.02139  0.33835
   0.44664 -0.02093  0.33190
   0.45919 -0.02047  0.32582
   0.47174 -0.02000  0.31982
   0.48430 -0.01954  0.31383
   0.49686 -0.01908  0.30809
   0.50942 -0.01862  0.30223
   0.52199 -0.01815  0.29662
   0.53455 -0.01769  0.29104
   0.54712 -0.01723  0.28545
   0.55969 -0.01677  0.27993
   0.57226 -0.01631  0.27453
   0.58483 -0.01585  0.26912
   0.59741 -0.01538  0.26380
   0.60998 -0.01492  0.25850
   0.62255 -0.01446  0.25328
   0.63512 -0.01400  0.24815
   0.64769 -0.01354  0.24279
   0.66026 -0.01308  0.23774
   0.67283 -0.01261  0.23237
   0.68540 -0.01215  0.22736
   0.69797 -0.01169  0.22207
   0.71054 -0.01123  0.21694
   0.72311 -0.01077  0.21175
   0.73567 -0.01031  0.20653
   0.74823 -0.00985  0.20116
   0.76079 -0.00938  0.19592
   0.77334 -0.00892  0.19024
   0.78589 -0.00846  0.18491
   0.79843 -0.00800  0.17936
   0.81096 -0.00754  0.17369
   0.82348 -0.00708  0.16776
   0.83598 -0.00662  0.16187
   0.84846 -0.00616  0.15560
   0.86092 -0.00571  0.14940
   0.87335 -0.00525  0.14243
   0.88573 -0.00480  0.13563
   0.89807 -0.00434  0.12845
   0.91034 -0.00389  0.12055
   0.92253 -0.00344  0.11214
   0.93463 -0.00300  0.10328
   0.94660 -0.00256  0.09320
   0.95843 -0.00213  0.08151
   0.97008 -0.00170  0.06914
   0.98152 -0.00128  0.05289
   0.99270 -0.00087  0.03362
   1.00000 -0.00060  0.00286
