CLARK Y AIRFOIL                                 
 Alfa =   9.00000 Re =   214000.000 Xflap,Yflap =     0.000000    0.000000
#    x        y        Cp  
   1.00000  0.00060  0.10527
   0.99252  0.00237  0.10080
   0.98109  0.00508  0.09265
   0.96943  0.00782  0.08276
   0.95759  0.01058  0.07101
   0.94559  0.01335  0.05745
   0.93347  0.01610  0.04215
   0.92124  0.01884  0.02521
   0.90893  0.02156  0.00669
   0.89655  0.02425 -0.01319
   0.88411  0.02692 -0.03432
   0.87163  0.02955 -0.05666
   0.85912  0.03216 -0.07977
   0.84658  0.03472 -0.10370
   0.83402  0.03725 -0.12810
   0.82144  0.03974 -0.15297
   0.80885  0.04219 -0.17814
   0.79624  0.04460 -0.20352
   0.78363  0.04696 -0.22890
   0.77101  0.04927 -0.25440
   0.75838  0.05155 -0.27980
   0.74574  0.05377 -0.30534
   0.73311  0.05595 -0.33074
   0.72047  0.05808 -0.35611
   0.70783  0.06017 -0.38159
   0.69519  0.06220 -0.40740
   0.68256  0.06419 -0.43330
   0.66993  0.06612 -0.45914
   0.65731  0.06800 -0.48535
   0.64470  0.06982 -0.51145
   0.63210  0.07158 -0.53766
   0.61950  0.07327 -0.56357
   0.60691  0.07490 -0.58951
   0.59433  0.07646 -0.61507
   0.58176  0.07794 -0.63999
   0.56918  0.07936 -0.66480
   0.55661  0.08070 -0.68936
   0.54405  0.08198 -0.71353
   0.53148  0.08318 -0.73805
   0.51893  0.08431 -0.76220
   0.50637  0.08537 -0.78664
   0.49383  0.08635 -0.81164
   0.48130  0.08727 -0.83686
   0.46878  0.08810 -0.86244
   0.45628  0.08886 -0.88777
   0.44380  0.08953 -0.91293
   0.43133  0.09011 -0.93761
   0.41888  0.09061 -0.96182
   0.40645  0.09100 -0.98456
   0.39404  0.09130 -1.00568
   0.38163  0.09150 -1.02443
   0.36924  0.09161 -1.04187
   0.35687  0.09162 -1.05903
   0.34451  0.09155 -1.07673
   0.33219  0.09141 -1.09789
   0.31991  0.09118 -1.12654
   0.30769  0.09089 -1.16887
   0.29556  0.09055 -1.23984
   0.28354  0.09014 -1.35011
   0.27165  0.08965 -1.48960
   0.25993  0.08908 -1.55510
   0.24840  0.08840 -1.57523
   0.23706  0.08761 -1.59630
   0.22593  0.08670 -1.61863
   0.21504  0.08565 -1.64256
   0.20440  0.08446 -1.66822
   0.19402  0.08314 -1.69522
   0.18392  0.08168 -1.72292
   0.17411  0.08011 -1.75097
   0.16463  0.07844 -1.77923
   0.15547  0.07669 -1.80795
   0.14668  0.07489 -1.83732
   0.13826  0.07304 -1.86737
   0.13022  0.07117 -1.89809
   0.12257  0.06928 -1.92936
   0.11532  0.06738 -1.96109
   0.10844  0.06548 -1.99320
   0.10194  0.06358 -2.02578
   0.09581  0.06170 -2.05889
   0.09001  0.05984 -2.09283
   0.08454  0.05801 -2.12799
   0.07938  0.05621 -2.16448
   0.07451  0.05445 -2.20256
   0.06990  0.05273 -2.24177
   0.06556  0.05104 -2.28198
   0.06146  0.04937 -2.32281
   0.05759  0.04773 -2.36403
   0.05393  0.04610 -2.40523
   0.05047  0.04450 -2.44548
   0.04720  0.04291 -2.48380
   0.04411  0.04134 -2.52021
   0.04117  0.03977 -2.55372
   0.03839  0.03822 -2.58458
   0.03576  0.03668 -2.61154
   0.03326  0.03515 -2.63162
   0.03089  0.03362 -2.64315
   0.02864  0.03209 -2.64381
   0.02652  0.03057 -2.63420
   0.02450  0.02905 -2.61477
   0.02259  0.02754 -2.58875
   0.02077  0.02603 -2.55550
   0.01905  0.02454 -2.52090
   0.01741  0.02306 -2.49174
   0.01584  0.02160 -2.47656
   0.01435  0.02017 -2.48101
   0.01291  0.01876 -2.50456
   0.01152  0.01738 -2.54574
   0.01018  0.01603 -2.60008
   0.00890  0.01470 -2.66391
   0.00768  0.01338 -2.73626
   0.00652  0.01208 -2.81651
   0.00542  0.01077 -2.90360
   0.00440  0.00947 -2.99675
   0.00346  0.00816 -3.09437
   0.00260  0.00683 -3.19083
   0.00184  0.00550 -3.27625
   0.00118  0.00414 -3.33859
   0.00064  0.00277 -3.35046
   0.00025  0.00139 -3.26833
   0.00011  0.00070 -3.19334
   0.00000  0.00000 -3.11257
  -0.00005 -0.00139 -2.66932
   0.00005 -0.00274 -2.22829
   0.00032 -0.00408 -1.69497
   0.00077 -0.00541 -1.12104
   0.00138 -0.00672 -0.62187
   0.00211 -0.00799 -0.22662
   0.00296 -0.00922  0.08921
   0.00392 -0.01041  0.33779
   0.00497 -0.01157  0.52869
   0.00611 -0.01268  0.67459
   0.00735 -0.01376  0.78617
   0.00867 -0.01480  0.86672
   0.01007 -0.01579  0.92497
   0.01156 -0.01672  0.96436
   0.01314 -0.01759  0.98831
   0.01482 -0.01838  0.99883
   0.01659 -0.01911  0.99906
   0.01844 -0.01978  0.99173
   0.02038 -0.02038  0.98005
   0.02240 -0.02094  0.96563
   0.02450 -0.02145  0.94995
   0.02668 -0.02193  0.93417
   0.02895 -0.02240  0.91836
   0.03131 -0.02287  0.90168
   0.03375 -0.02335  0.88382
   0.03628 -0.02384  0.86464
   0.03892 -0.02433  0.84429
   0.04167 -0.02481  0.82331
   0.04454 -0.02527  0.80271
   0.04754 -0.02571  0.78215
   0.05067 -0.02613  0.76230
   0.05396 -0.02652  0.74325
   0.05741 -0.02688  0.72520
   0.06103 -0.02722  0.70837
   0.06483 -0.02753  0.69248
   0.06884 -0.02781  0.67761
   0.07306 -0.02808  0.66334
   0.07752 -0.02833  0.64970
   0.08223 -0.02858  0.63572
   0.08721 -0.02882  0.62074
   0.09248 -0.02907  0.60507
   0.09805 -0.02930  0.58889
   0.10395 -0.02952  0.57286
   0.11019 -0.02972  0.55723
   0.11681 -0.02989  0.54205
   0.12382 -0.03004  0.52713
   0.13122 -0.03015  0.51261
   0.13904 -0.03023  0.49856
   0.14727 -0.03027  0.48506
   0.15592 -0.03027  0.47211
   0.16498 -0.03022  0.45998
   0.17443 -0.03013  0.44840
   0.18427 -0.02998  0.43765
   0.19446 -0.02979  0.42762
   0.20499 -0.02955  0.41831
   0.21581 -0.02926  0.40962
   0.22690 -0.02894  0.40165
   0.23823 -0.02858  0.39434
   0.24977 -0.02818  0.38738
   0.26149 -0.02776  0.38117
   0.27337 -0.02732  0.37528
   0.28538 -0.02687  0.36956
   0.29749 -0.02640  0.36412
   0.30969 -0.02594  0.35837
   0.32197 -0.02548  0.35251
   0.33430 -0.02503  0.34664
   0.34668 -0.02457  0.34052
   0.35910 -0.02412  0.33462
   0.37156 -0.02367  0.32871
   0.38403 -0.02321  0.32292
   0.39653 -0.02276  0.31725
   0.40904 -0.02230  0.31178
   0.42156 -0.02185  0.30647
   0.43410 -0.02139  0.30143
   0.44664 -0.02093  0.29634
   0.45919 -0.02047  0.29160
   0.47174 -0.02000  0.28690
   0.48430 -0.01954  0.28227
   0.49686 -0.01908  0.27783
   0.50942 -0.01862  0.27330
   0.52199 -0.01815  0.26899
   0.53455 -0.01769  0.26473
   0.54712 -0.01723  0.26045
   0.55969 -0.01677  0.25627
   0.57226 -0.01631  0.25221
   0.58483 -0.01585  0.24813
   0.59741 -0.01538  0.24415
   0.60998 -0.01492  0.24023
   0.62255 -0.01446  0.23638
   0.63512 -0.01400  0.23265
   0.64769 -0.01354  0.22872
   0.66026 -0.01308  0.22510
   0.67283 -0.01261  0.22124
   0.68540 -0.01215  0.21771
   0.69797 -0.01169  0.21397
   0.71054 -0.01123  0.21042
   0.72311 -0.01077  0.20682
   0.73567 -0.01031  0.20328
   0.74823 -0.00985  0.19966
   0.76079 -0.00938  0.19618
   0.77334 -0.00892  0.19240
   0.78589 -0.00846  0.18899
   0.79843 -0.00800  0.18546
   0.81096 -0.00754  0.18190
   0.82348 -0.00708  0.17823
   0.83598 -0.00662  0.17471
   0.84846 -0.00616  0.17096
   0.86092 -0.00571  0.16742
   0.87335 -0.00525  0.16341
   0.88573 -0.00480  0.15973
   0.89807 -0.00434  0.15594
   0.91034 -0.00389  0.15184
   0.92253 -0.00344  0.14767
   0.93463 -0.00300  0.14352
   0.94660 -0.00256  0.13891
   0.95843 -0.00213  0.13377
   0.97008 -0.00170  0.12895
   0.98152 -0.00128  0.12277
   0.99270 -0.00087  0.11647
   1.00000 -0.00060  0.10527
